3448
4556
0310
5573
9092
5951
0937
6157
1661
9532
2737
0307
7039
8871
2119
5550
3219
6800
0425
0284
8950
2479
7732
7704
5307
7657
9406
2685
2941
1185
8644
7620
2227
3476
3927
7226
0856
5630
3061
6487
6498
8429
3582
5366
1089
0225
4406
7202
0490
0094
8600
3095
0773
9185
8155
6806
5426
2331
9913
8840
0761
3426
0894
2638
1662
4848
4565
2751
6126
6629
4858
2084
5840
2097
0202
1270
1419
5690
7264
8177
4809
5912
9493
8775
8216
1427
8980
8052
4029
9363
6612
8804
2563
7095
2269
6838
8209
7888
8919
4161
9368
2286
5322
0528
6433
8453
6402
3329
1798
8228
5327
6187
1670
6393
9327
8750
1494
3126
0994
4595
3286
3069
6174
2081
1543
1196
3758
7432
7690
5685
0476
9369
2124
2817
5646
6759
7363
8368
1053
7651
6701
0857
4550
8759
4055
3393
8988
0382
8278
3954
9018
5450
4472
6666
0378
8532
0664
8679
0227
8780
4893
8330
7851
5540
4992
8850
3047
2821
3024
9728
4460
4848
7399
7324
4944
1344
1333
6140
9343
5839
4949
3278
1313
4128
9089
6094
5408
3900
9246
1995
5222
1494
7359
6770
9157
9321
0726
2491
3485
5489
4420
0426
7360
7879
8574
1981
1326
5160
7686
9087
3325
4226
0498
6446
1905
4566
2787
5544
9717
2466
0477
2697
6278
7167
9915
6802
0352
7194
6426
0073
1432
3598
7531
9180
5526
6884
5985
7464
1172
2989
8815
8592
2298
2959
9236
4010
1593
6242
9172
4420
5328
4010
6303
6948
4075
2655
0470
1953
4437
3222
4828
0341
0075
4925
1074
9268
3640
9945
8316
7030
3159
8774
7057
0242
1356
1314
1800
5776
4751
1138
9829
0766
2260
6161
0349
4142
5716
0638
4207
7986
8267
8564
6010
8131
2954
2688
6526
2503
5458
2401
8316
2423
6466
5903
4928
3469
5646
7662
0380
0588
3647
8740
5837
0002
3481
9261
6185
4899
0121
3185
8415
4948
3702
6007
7015
9204
7765
1299
9878
4845
9624
4493
8480
4942
3969
5502
8912
3994
1923
7349
9469
9753
0431
1471
2346
8884
9278
9282
9350
0823
5422
7645
6583
8971
1150
4063
8170
3088
3050
4108
3322
6684
2079
6871
0324
2685
1256
3777
1846
2884
6127
9333
1983
5982
6472
4835
5792
8570
0937
6448
3552
2155
8332
0783
1059
9910
8836
3903
6673
4259
1308
2708
3089
6367
8835
7265
0070
1402
7895
7357
8084
4148
1345
9251
5475
5572
0535
3434
3615
9348
7675
8273
0800
7357
6627
4467
4670
6346
7255
5531
5360
2996
4736
3931
4671
8134
5379
3159
1237
9838
6419
3506
5059
1460
1939
0371
6673
4262
5879
4044
9785
3921
1199
7604
2071
1685
4634
2601
8203
8182
8303
9208
7497
3105
6772
4534
6824
9468
0486
0911
0354
6255
1415
0455
6855
1089
9405
9821
6176
4283
1930
7416
7388
4264
1676
9438
6040
5077
2118
6764
1639
5851
6081
6269
2849
8200
3270
9401
9509
7362
0165
7371
7338
4965
3318
5592
8985
2789
5901
9498
1880
7892
0303
7216
3687
2950
4721
8262
6428
9064
8982
8839
4781
0827
0851
2777
0272
4685
3149
9369
8101
3353
3382
3601
8904
8600
2232
6607
6024
8530
6103
6550
8543
4127
1695
4816
6600
4518
8753
8940
5127
2558
7232
4740
4452
7069
6194
1626
2174
7325
1088
1576
2570
9587
9020
4649
7456
5270
2817
7170
5998
8153
7938
2652
2806
7446
9648
5003
5417
0278
8617
2600
5264
3692
1138
1106
6982
3941
5094
6471
1014
7409
0946
3498
1197
3851
4558
6303
9541
2340
5780
5850
3572
1010
9438
9304
9678
5229
4956
4290
5214
7717
1783
5010
1835
6833
7778
8217
8670
0805
9700
4392
6345
3491
6575
1931
4059
5775
6161
2795
5161
8453
7700
5609
6543
8403
2982
4796
1753
5592
1695
7279
1472
1973
8319
6979
1516
8246
7264
1348
7683
9552
5136
0223
5705
7601
9267
0153
3521
6215
0072
3006
7962
4701
8002
2305
6657
1569
0696
1571
8218
5364
1095
5231
0485
0625
3032
5567
8784
7617
5228
3032
8850
1460
1647
7283
2790
9389
9629
6613
5231
0300
9476
8825
0776
2170
7665
3008
7828
2491
4885
6143
7624
1088
4489
0676
9175
7558
1540
0358
3210
2091
4726
2955
2605
6645
4011
4437
1922
1647
7428
6334
5558
5102
3373
1816
4481
3953
9178
8416
6315
6517
4550
3757
6568
1619
7938
5159
1505
9649
5416
3251
9393
9178
1335
8053
0310
7474
5794
6577
0658
5278
7534
3160
7982
6470
7126
3946
4527
1382
8761
4623
9666
1605
6859
8490
1715
1169
5428
1935
3671
7917
2283
3708
3014
8086
9031
9025
4333
2053
6671
7634
3523
9505
2859
9933
7232
8260
5346
5882
1837
8417
6772
0922
8420
9135
2594
4743
9036
8553
8824
3905
3907
9286
4591
5036
5565
8790
9398
6855
0522
0455
4263
4887
2762
8063
6062
7030
7291
4192
0064
7290
10007
9548
1722
3946
8783
7410
7380
1076
9778
1856
6157
2428
8740
3930
3661
9973
0672
8466
8524
6960
0967
8326
7792
2424
1223
8536
3904
0749
5595
9939
0417
2397
3836
4862
9839
0937
1914
0215
8563
0707
5157
2496
0104
6213
8115
5174
4545
9458
8903
7290
6212
9911
5337
0906
2796
3079
7019
2984
0461
0322
2471
6562
5172
2188
4725
1038
9852
0947
7287
9088
8409
2963
2402
0374
8496
8264
4550
2647
7135
9144
5940
3361
9854
0802
5075
4675
3508
5712
5259
9096
7984
3216
5641
1567
6428
7897
3724
6436
8037
0867
2983
3045
7677
4098
8866
2939
6948
0642
3709
9621
5960
1438
7762
0706
6403
5272
7779
2747
6855
0115
1072
1009
1555
4718
2328
7626
1070
1511
2494
8864
0761
2065
7111
9632
6289
2783
7904
6666
1562
4198
7228
4517
5118
4661
0058
2554
4089
8845
1768
5829
0838
2159
7343
6376
0514
6190
5767
2896
9883
1092
3709
0159
2476
0820
4530
2397
2063
3835
9209
8076
1269
3627
9713
4587
7665
8364
3598
8579
6495
5148
9753
4960
6304
4244
4051
8496
2515
